sample_1	1	23.334940	1	21.352507	1	34.903506
sample_2	2	20.129065	2	28.137490	2	62.512019
sample_3	0	16.111903	2	29.060413	0	24.220818
sample_4	0	24.743169	1	16.938063	2	54.959859
sample_5	1	23.508359	1	26.289451	1	37.060520
sample_6	2	14.744592	2	15.833936	1	37.342814
sample_7	2	18.162259	2	19.125162	2	60.323931
sample_8	2	14.312702	2	27.819165	2	53.516311
sample_9	1	13.389262	2	19.308715	0	11.121387
sample_10	2	28.861291	2	19.498982	0	22.747967
sample_11	0	18.262705	1	27.340826	2	56.238851
sample_12	1	23.350701	1	23.231327	2	62.736634
sample_13	0	21.611358	1	14.976896	1	41.331547
sample_14	2	20.301715	0	24.417029	2	60.571762
sample_15	2	14.782750	1	24.043842	0	19.626824
sample_16	0	14.950291	0	27.198559	1	37.253751
sample_17	0	22.208682	1	15.619875	2	72.500071
sample_18	1	25.644384	2	24.004712	1	40.818163
sample_19	2	10.809661	0	18.122238	2	58.721455
sample_20	0	15.306157	0	23.028544	1	44.258069
sample_21	0	18.990797	1	16.983208	2	61.890736
sample_22	0	25.226856	2	19.898151	2	64.857022
sample_23	1	22.690810	2	22.369225	2	64.346200
sample_24	2	24.060593	0	22.060859	2	60.909990
sample_25	2	21.205532	0	18.853133	0	29.699358
sample_26	0	15.237452	2	30.447659	0	18.077175
sample_27	2	19.318666	1	18.427288	2	59.063616
sample_28	1	26.336241	2	22.383706	1	32.133675
sample_29	1	20.868168	1	25.288486	2	53.322872
sample_30	2	13.883726	2	22.577258	1	46.276949
sample_31	2	27.076600	2	21.731548	0	17.737538
sample_32	1	22.288555	1	13.929413	1	47.830161
sample_33	0	23.644379	2	28.103864	0	21.505699
sample_34	0	29.842174	2	14.683874	0	10.300253
sample_35	1	17.261060	1	22.809355	2	66.597998
sample_36	0	16.602909	1	17.375848	0	16.288543
sample_37	1	7.468848	0	13.430778	2	58.517179
sample_38	2	20.734802	1	20.403303	1	31.124097
sample_39	1	23.030977	2	19.933080	1	34.978207
sample_40	0	19.887306	1	18.281755	2	52.449674
sample_41	1	20.067111	2	22.584473	0	20.701703
sample_42	0	24.679724	0	15.911863	0	23.570103
sample_43	1	22.103113	0	17.825548	2	62.107235
sample_44	2	22.058098	0	23.746171	0	24.751698
sample_45	1	19.643380	1	27.030352	0	24.380003
sample_46	1	19.772812	0	16.042312	0	26.965926
sample_47	2	25.204430	0	22.115509	1	44.725500
sample_48	1	19.529826	2	23.842920	0	24.877388
sample_49	2	17.895780	2	19.408600	2	58.617373
sample_50	1	17.240057	0	23.176348	2	59.923148
sample_51	2	19.394512	0	25.323150	0	11.652815
sample_52	1	20.950707	2	29.273736	1	37.395498
sample_53	0	22.560687	2	33.898577	2	55.957255
sample_54	2	20.657692	2	19.606145	0	25.948133
sample_55	0	18.341914	0	23.582160	0	22.815120
sample_56	1	11.838069	1	11.139731	1	41.048358
sample_57	2	23.095570	2	28.958995	2	51.755957
sample_58	1	15.037131	1	19.877470	1	48.115412
sample_59	2	19.193268	0	15.200649	1	45.235638
sample_60	1	25.962022	1	20.724507	2	61.005688
sample_61	1	21.253683	1	22.600883	0	21.966492
sample_62	0	15.931919	0	18.197752	0	28.340899
sample_63	0	23.518118	0	25.021696	0	19.272002
sample_64	0	18.659289	0	14.011991	2	58.509592
sample_65	1	17.587203	0	12.987127	0	20.616223
sample_66	2	26.223052	2	13.966051	2	61.262072
sample_67	1	23.384301	0	21.476419	0	17.127936
sample_68	2	35.937513	2	24.016529	0	22.503899
sample_69	0	14.597176	0	24.726639	2	76.007882
sample_70	1	20.051147	1	31.945924	2	51.725914
sample_71	0	22.189148	0	26.521478	2	58.186471
sample_72	0	26.638938	1	22.244908	1	40.133143
sample_73	0	18.744275	2	24.856757	1	40.179207
sample_74	2	27.965553	0	24.553783	2	60.661412
sample_75	0	20.854089	1	15.338473	1	42.401238
sample_76	1	16.453730	1	23.408540	0	14.200102
sample_77	2	19.334877	1	21.754295	0	18.483529
sample_78	1	19.913215	2	22.245049	1	39.650012
sample_79	2	19.494535	1	23.502536	1	33.816855
sample_80	1	17.179802	2	19.000703	2	61.570973
sample_81	2	19.104822	0	21.562835	0	19.342072
sample_82	0	25.055294	2	25.615515	1	46.192742
sample_83	2	24.604979	2	20.448312	1	34.739397
sample_84	2	29.665449	2	13.622351	2	55.140835
sample_85	1	16.023184	1	15.397346	0	12.863431
sample_86	2	14.942324	1	19.174914	1	47.431617
sample_87	1	30.753900	0	28.260176	0	14.709982
sample_88	2	22.125700	1	26.399455	2	56.446533
sample_89	1	22.205758	1	19.696435	1	39.525731
sample_90	0	15.912803	0	22.371086	0	26.183077
sample_91	2	22.189462	0	15.880524	0	18.708680
sample_92	0	20.498616	0	24.182070	1	31.053076
sample_93	0	20.327030	1	21.203404	1	30.967071
sample_94	1	26.122153	2	18.547943	1	43.854310
sample_95	1	16.152005	0	22.655623	2	63.928674
sample_96	0	20.960598	1	18.312754	0	17.742227
sample_97	1	11.383735	1	25.875388	1	35.357945
sample_98	2	22.306296	0	26.005262	2	66.081530
sample_99	0	14.573166	2	28.811675	1	41.941724
sample_100	2	29.116891	2	19.146884	0	21.429008
sample_101	1	13.335683	1	16.056101	0	17.596697
sample_102	0	28.186956	2	20.202337	0	12.334655
sample_103	1	15.885307	1	15.857580	1	45.242186
sample_104	1	12.009454	1	27.860826	1	45.313979
sample_105	0	21.132559	2	16.025126	2	49.706976
sample_106	2	21.169490	0	7.260252	0	22.026017
sample_107	0	15.263888	2	17.503184	1	38.184252
sample_108	2	13.692119	0	13.865209	2	55.208551
sample_109	0	8.050671	0	19.223945	0	21.100073
sample_110	0	18.333630	1	22.076325	1	40.821031
sample_111	1	21.717584	2	21.578006	2	56.211583
sample_112	2	9.860696	1	19.206531	0	13.922933
sample_113	2	20.657082	0	24.474232	2	58.578106
sample_114	0	28.016171	2	21.222538	0	12.682552
sample_115	0	11.178432	1	27.222245	0	24.314849
sample_116	0	22.832520	2	22.238940	1	41.127755
sample_117	1	22.743940	0	15.509821	0	20.626916
sample_118	0	16.924325	2	29.012617	0	23.206139
sample_119	0	21.617728	0	16.341876	1	46.643047
sample_120	1	14.484033	0	20.407819	1	46.177922
sample_121	0	22.252980	2	34.597280	1	45.066881
sample_122	1	28.087260	0	19.915268	1	42.589792
sample_123	2	18.288175	2	19.506788	0	10.506856
sample_124	1	16.882568	2	20.356617	0	18.667747
sample_125	0	9.925959	1	21.255900	2	60.989284
sample_126	2	29.354470	2	19.648464	1	48.640722
sample_127	0	29.365990	1	15.431892	1	41.439907
sample_128	1	17.492720	2	20.069429	0	23.500691
sample_129	2	20.450470	1	25.162966	0	24.445554
sample_130	2	19.530277	1	22.070332	1	33.823594
sample_131	0	26.802424	1	22.662262	1	34.687329
sample_132	0	12.150787	2	31.388961	2	66.563905
sample_133	0	23.382016	2	18.062260	0	19.162698
sample_134	2	8.720567	2	25.470724	1	38.918970
sample_135	2	23.268080	2	26.978771	2	55.573914
sample_136	1	16.270936	0	21.283082	0	22.423481
sample_137	0	26.533916	1	20.134297	2	51.781703
sample_138	1	22.746550	0	24.341562	0	17.610365
sample_139	2	16.939097	0	25.484272	1	38.139178
sample_140	2	16.315789	2	17.718773	1	47.045662
sample_141	0	14.023201	0	29.593475	2	56.117559
sample_142	0	28.410227	1	24.796613	1	27.758363
sample_143	0	25.327114	1	29.579960	0	20.747500
sample_144	1	16.972182	0	24.654343	2	54.663847
sample_145	1	13.332229	2	25.098922	2	58.184608
sample_146	1	22.480289	0	19.303097	0	24.994160
sample_147	0	20.065969	2	23.572544	2	52.941795
sample_148	1	17.573950	0	22.240709	2	63.285888
sample_149	1	20.579154	0	15.477522	1	47.390020
sample_150	1	23.325476	0	26.155831	1	41.374383
sample_151	0	19.867219	0	18.105062	0	18.989168
sample_152	0	23.116096	0	20.115534	2	65.028654
sample_153	0	19.981293	2	23.795953	0	18.114607
sample_154	2	21.359846	1	16.870231	0	16.519776
sample_155	0	17.291806	1	18.467821	0	20.445359
sample_156	0	23.968969	0	27.230453	0	23.226312
sample_157	2	20.780064	1	24.041597	1	44.557394
sample_158	1	18.477012	1	14.935861	0	22.803438
sample_159	2	20.949278	1	16.451343	1	36.218224
sample_160	1	18.839671	2	22.030185	1	31.848942
sample_161	2	19.048209	2	12.460773	0	22.341797
sample_162	0	22.626920	0	21.379650	0	19.655627
sample_163	1	24.365294	0	21.990557	2	58.182606
sample_164	1	11.845191	1	17.763482	0	17.522811
sample_165	2	19.049734	1	20.683770	1	34.377433
sample_166	0	20.406452	1	16.286498	2	68.435561
sample_167	1	14.400789	1	17.484001	1	29.272854
sample_168	1	22.186788	0	22.500592	2	72.280855
sample_169	1	18.805384	2	18.979067	2	54.238865
sample_170	0	17.313003	2	16.810607	0	17.292137
sample_171	1	11.155723	1	22.257391	0	17.073230
sample_172	2	12.780843	0	23.955069	1	33.105338
sample_173	2	20.467251	1	18.308549	1	32.851897
sample_174	2	28.965015	2	21.653586	1	33.304464
sample_175	2	17.914769	0	24.875134	2	64.164564
sample_176	1	9.513768	0	24.491560	2	62.933333
sample_177	1	26.194596	2	7.541611	0	18.337405
sample_178	1	20.864585	2	24.754729	2	64.124794
sample_179	1	25.858981	2	29.499165	0	16.587867
sample_180	0	16.857096	1	26.231276	1	45.061984
sample_181	2	24.318700	1	20.008757	0	15.471080
sample_182	0	21.748333	0	26.638004	0	15.061680
sample_183	0	13.757482	1	13.267473	2	64.479356
sample_184	1	18.234037	0	21.050709	2	53.291018
sample_185	0	20.618707	1	21.013738	0	13.969756
sample_186	2	15.611799	2	25.488601	0	12.897167
sample_187	1	25.972906	0	9.735458	0	10.203304
sample_188	1	17.998266	1	18.384375	1	38.046359
sample_189	2	24.431921	0	17.000496	0	13.086024
sample_190	0	18.798101	1	24.529877	2	62.289887
sample_191	0	23.259974	0	19.053707	1	38.037131
sample_192	1	22.844301	2	22.075193	0	28.525996
sample_193	0	10.482424	1	19.099869	0	23.515729
sample_194	2	18.781886	1	21.712635	1	40.120057
sample_195	1	23.679831	1	26.569413	2	61.171943
sample_196	1	18.325339	0	19.146546	0	11.670679
sample_197	1	27.611952	2	19.110824	2	62.792160
sample_198	0	26.544088	0	16.892462	1	34.832347
sample_199	0	16.156170	2	24.984678	2	55.073869
sample_200	1	20.945755	1	26.021523	1	38.352447
sample_201	2	22.864749	0	17.643546	1	33.104094
sample_202	2	16.735312	0	21.089838	2	64.201584
sample_203	1	28.452933	1	14.831731	1	47.010512
sample_204	2	24.103146	2	25.357607	0	11.765040
sample_205	0	20.547848	2	24.009559	1	42.127264
sample_206	2	16.195048	0	12.273724	1	37.068008
sample_207	2	15.828613	2	20.203341	1	41.829244
sample_208	0	16.388843	1	22.086536	0	21.917133
sample_209	1	24.051504	2	14.941527	2	66.387757
sample_210	0	15.782357	2	30.243074	2	61.921119
sample_211	1	24.586843	0	21.323635	2	56.120742
sample_212	2	31.773737	2	14.118544	1	36.818369
sample_213	0	13.377260	2	11.213360	0	19.437275
sample_214	1	16.890399	2	21.931330	2	64.926682
sample_215	0	25.690681	2	19.781169	0	23.872797
sample_216	0	21.512710	0	20.426542	1	38.685700
sample_217	1	15.742322	1	18.735710	1	40.855989
sample_218	2	19.767751	1	11.284570	0	19.838947
sample_219	1	19.878637	1	25.151976	2	55.277819
sample_220	2	23.776880	0	24.592801	1	34.446634
sample_221	0	15.696931	0	31.896573	0	24.796299
sample_222	2	18.706840	0	22.880219	0	9.664784
sample_223	1	19.369470	1	27.328338	1	39.087304
sample_224	2	21.836574	2	29.122047	1	45.720956
sample_225	2	18.940978	1	22.337865	0	10.706435
sample_226	1	12.672491	0	19.118273	0	18.593233
sample_227	1	13.470695	1	18.799506	1	50.037113
sample_228	1	26.155437	1	24.185034	0	24.340959
sample_229	1	17.636595	0	18.584766	1	40.369793
sample_230	1	20.585226	1	24.868316	0	18.384484
sample_231	0	20.194784	2	25.997847	2	56.074646
sample_232	1	21.949648	1	21.991510	0	21.114967
sample_233	1	26.879868	2	25.189543	1	40.805624
sample_234	2	20.265118	1	16.432961	0	15.162759
sample_235	2	24.059751	2	24.997318	0	18.959695
sample_236	0	22.651994	2	19.807024	1	31.770973
sample_237	0	21.393098	2	23.096030	0	12.893469
sample_238	0	14.550528	1	17.040757	1	40.986831
sample_239	2	17.846873	1	25.711776	2	55.588488
sample_240	2	24.742126	2	21.453729	0	21.397697
sample_241	1	18.512462	0	25.644895	1	38.335539
sample_242	0	18.330072	0	13.979410	2	60.705697
sample_243	1	18.680311	0	13.775960	2	65.482424
sample_244	2	14.044791	1	18.651960	1	38.910761
sample_245	1	15.942090	1	15.683923	1	34.994095
sample_246	2	21.055656	1	23.750455	0	16.848232
sample_247	2	15.638722	1	17.912307	1	33.532889
sample_248	1	13.687445	0	16.162120	1	44.611087
sample_249	2	23.647298	0	21.846645	0	25.161950
sample_250	2	24.142802	1	24.763580	2	59.708419
sample_251	2	19.721081	0	29.046761	0	18.853001
sample_252	2	15.039685	0	17.293587	0	25.061860
sample_253	2	24.967400	1	17.709283	0	17.191077
sample_254	2	22.144522	2	6.350847	1	34.277930
sample_255	0	12.152805	1	22.272660	1	40.045231
sample_256	2	15.263306	1	17.557739	1	41.925756
sample_257	0	12.753215	1	25.475669	1	40.739830
sample_258	2	9.658446	2	26.449598	2	66.206864
sample_259	1	26.300491	1	24.695940	1	42.410114
sample_260	2	27.075622	1	16.573868	2	57.104754
sample_261	1	9.283125	0	18.419555	2	60.820488
sample_262	1	22.561030	0	18.716132	2	55.329536
sample_263	0	18.985583	1	24.285276	2	60.059115
sample_264	1	21.069429	1	20.064842	0	15.885169
sample_265	2	23.814898	0	19.121889	0	23.441941
sample_266	1	23.933147	0	21.716308	0	23.221411
sample_267	0	19.692115	0	19.307552	0	19.092471
sample_268	2	16.862531	2	20.237740	0	26.016884
sample_269	0	22.812112	1	26.963179	0	22.076928
sample_270	2	28.498864	0	17.748213	1	36.907982
sample_271	0	13.233172	1	20.257631	2	64.762184
sample_272	2	15.862425	0	19.039108	1	41.218108
sample_273	2	18.706475	0	28.732341	0	24.550203
sample_274	0	15.304902	0	11.745854	1	44.216452
sample_275	1	17.595721	0	21.813802	0	30.874541
sample_276	2	24.105048	0	21.433075	0	19.637229
sample_277	0	21.518786	1	18.646220	2	65.732796
sample_278	2	18.748016	1	20.500357	1	34.627167
sample_279	1	19.480058	2	21.172922	2	55.987288
sample_280	1	15.846036	0	23.787037	0	21.531699
sample_281	2	23.344876	0	13.195934	2	55.393890
sample_282	0	17.004593	0	18.428111	0	22.447404
sample_283	0	14.081550	0	8.686437	2	53.540527
sample_284	2	16.820976	2	14.750835	0	11.133384
sample_285	1	19.483045	1	25.990648	2	60.596486
sample_286	0	26.924675	0	27.373018	0	21.604015
sample_287	0	19.291423	1	15.242506	1	50.212670
sample_288	1	17.375396	2	12.240279	0	18.688544
sample_289	1	30.141072	0	13.704918	0	17.483318
sample_290	1	19.361321	1	20.272612	1	41.295095
sample_291	2	26.047455	1	30.802005	1	41.782920
sample_292	0	21.884696	1	17.348303	0	22.858689
sample_293	2	22.811026	1	20.544867	0	12.451542
sample_294	0	13.914381	1	23.597144	1	35.660659
sample_295	2	21.302431	1	23.068870	2	55.635313
sample_296	0	17.069433	2	20.707169	2	57.144548
sample_297	2	13.865582	0	20.243439	0	23.296064
sample_298	1	21.268175	0	28.631032	0	28.555375
sample_299	0	18.509467	0	20.678610	0	23.781418
sample_300	1	19.888018	0	20.469954	1	41.435997
sample_301	1	24.264021	0	17.654750	1	41.396310
sample_302	0	8.228214	1	20.589896	1	35.070747
sample_303	0	20.684660	1	18.627957	0	14.893140
sample_304	1	11.416276	2	22.369480	0	20.663613
sample_305	2	10.712171	2	24.487459	1	38.172020
sample_306	2	19.007245	2	29.306314	1	37.073500
sample_307	1	16.661358	2	19.622795	0	13.409412
sample_308	1	7.687800	1	28.931073	2	63.836091
sample_309	2	18.432070	2	26.072062	2	55.589352
sample_310	2	19.797117	2	18.083200	0	22.958247
sample_311	0	25.034934	0	19.198291	1	46.491680
sample_312	1	23.991747	2	13.041115	1	49.578946
sample_313	1	18.684714	0	30.305229	0	12.619474
sample_314	1	11.290129	1	13.193088	0	17.455963
sample_315	1	17.954250	1	21.571608	1	45.537337
sample_316	0	21.100829	1	25.153131	0	17.213403
sample_317	0	22.335718	2	27.209988	0	14.113364
sample_318	0	23.695741	2	26.479099	2	63.178336
sample_319	1	19.874094	2	24.456445	0	20.884727
sample_320	0	21.140320	1	13.225372	0	18.298972
sample_321	0	16.609844	2	24.762545	2	52.763517
sample_322	0	17.532487	2	28.973064	1	28.741625
sample_323	1	21.943168	0	25.279301	2	61.972419
sample_324	1	23.837149	2	27.972959	1	34.390481
sample_325	0	13.395974	2	17.735543	0	22.592345
sample_326	1	17.088897	1	11.181088	1	39.179206
sample_327	2	18.294564	1	15.178147	0	21.399125
sample_328	2	22.629197	2	15.931250	0	21.599939
sample_329	1	19.526628	1	12.648146	2	56.983940
sample_330	2	31.689177	0	18.512102	0	13.960011
sample_331	1	20.411189	2	24.995142	0	24.701039
sample_332	1	16.121777	2	25.751435	2	59.638342
sample_333	0	18.680479	1	24.223450	1	26.565344
sample_334	0	17.071959	2	29.869982	1	46.746019
sample_335	1	18.992014	0	10.953788	1	41.322892
sample_336	1	21.206686	1	26.897974	1	45.936017
sample_337	1	26.943432	1	26.670820	1	40.795266
sample_338	0	26.560474	2	13.371650	0	31.393807
sample_339	2	22.495262	2	25.418921	1	46.371598
sample_340	0	14.534150	1	21.733029	2	57.380073
sample_341	0	22.067417	2	16.168389	2	62.163279
sample_342	2	15.790108	2	26.757276	1	34.894808
sample_343	0	19.167572	2	24.532142	0	21.620222
sample_344	0	21.991124	0	26.459192	2	61.609510
sample_345	0	19.500577	0	18.135294	2	55.744123
sample_346	0	30.028113	0	25.318558	2	58.446657
sample_347	2	19.819787	2	11.798038	2	60.453747
sample_348	2	17.993752	0	26.659861	2	66.447849
sample_349	1	18.487477	1	18.516240	0	17.373367
sample_350	1	24.317393	0	29.858084	2	64.749513
sample_351	0	11.611258	0	25.012048	1	35.167172
sample_352	1	17.279933	1	16.317038	1	39.447179
sample_353	1	14.011188	0	26.522519	2	63.867511
sample_354	2	18.070571	0	19.765855	1	34.328444
sample_355	1	10.765046	1	15.563465	2	61.761917
sample_356	2	17.891528	1	17.015127	0	12.988602
sample_357	1	23.757319	0	21.326163	1	36.178836
sample_358	1	15.530389	2	14.598050	0	16.931422
sample_359	0	24.575618	1	15.012846	2	59.486877
sample_360	1	15.786964	2	18.075757	0	21.237012
sample_361	1	18.346606	0	16.520326	1	39.691152
sample_362	1	13.445710	2	21.234847	0	19.204754
sample_363	2	21.888016	2	19.628046	0	13.036987
sample_364	2	21.610403	1	28.459452	0	22.156742
sample_365	1	19.980078	0	20.049069	0	17.169539
sample_366	1	23.789574	1	13.688625	2	66.513930
sample_367	0	16.926786	2	20.809975	1	43.619286
sample_368	2	28.255516	2	29.984395	0	19.658476
sample_369	2	20.147622	0	24.979586	2	71.010432
sample_370	1	15.348699	0	19.209991	2	61.661183
sample_371	2	17.897859	2	22.628922	0	21.158684
sample_372	0	19.070662	1	11.157770	0	21.450383
sample_373	2	13.446893	1	17.414905	0	19.406875
sample_374	2	14.089559	0	14.325512	0	17.287969
sample_375	2	27.407346	0	15.559504	0	12.252786
sample_376	1	21.913498	0	25.827647	0	27.497795
sample_377	0	24.371433	0	24.844106	0	13.244735
sample_378	1	31.213949	0	13.729226	2	62.109327
sample_379	1	23.052530	0	16.571432	0	28.596250
sample_380	1	15.802309	0	20.880055	2	54.631608
sample_381	0	23.925425	0	19.884881	1	34.541110
sample_382	0	16.254277	1	16.181241	1	36.066779
sample_383	2	25.568039	2	26.250107	2	61.887929
sample_384	2	23.031797	2	26.378035	1	44.943490
sample_385	2	25.581779	0	20.016782	1	38.480588
sample_386	0	15.707208	1	15.839346	0	21.461394
sample_387	0	11.174311	2	21.062931	1	54.935241
sample_388	2	21.509046	2	23.838239	0	22.317894
sample_389	1	23.650351	2	12.634734	1	40.365720
sample_390	2	20.208534	0	23.221299	0	22.630167
sample_391	2	18.013434	1	23.331869	0	15.932464
sample_392	0	18.116938	2	19.619491	2	65.365847
sample_393	1	17.805224	0	26.303106	0	19.622594
sample_394	2	22.736032	2	18.428597	0	22.548121
sample_395	2	12.919805	1	18.259927	1	41.749017
sample_396	0	18.438667	0	17.442312	2	60.166336
sample_397	2	22.840262	0	16.352583	2	56.439960
sample_398	0	19.740831	1	26.519805	0	23.921625
sample_399	1	17.304730	2	27.816971	1	45.265019
sample_400	2	17.672395	0	30.221928	0	11.222383
sample_401	2	21.828014	0	27.152923	2	58.397457
sample_402	0	23.478079	1	19.599144	1	38.875408
sample_403	2	12.192026	0	26.379845	2	59.031784
sample_404	2	30.460691	0	29.031165	0	20.948528
sample_405	1	21.555378	1	19.639848	2	61.505474
sample_406	2	19.524565	1	20.398794	2	63.505213
sample_407	0	14.220156	2	19.355747	2	62.516863
sample_408	1	15.915313	2	24.683367	1	36.779471
sample_409	1	23.398070	0	26.646584	2	53.867044
sample_410	1	21.654281	2	29.368914	1	33.190047
sample_411	2	10.325569	1	18.884343	2	63.550807
sample_412	1	14.926464	2	25.115108	0	17.933925
sample_413	0	18.535155	1	22.058890	0	22.631330
sample_414	2	14.543122	2	18.728844	1	36.499712
sample_415	0	28.526395	2	15.894967	1	40.827426
sample_416	1	25.062370	1	22.034555	0	19.368028
sample_417	1	17.165356	1	13.527822	1	43.153051
sample_418	2	11.643919	1	16.176378	0	16.749262
sample_419	0	19.987297	2	24.734879	2	59.993705
sample_420	2	17.462094	2	26.362977	2	59.180280
sample_421	0	17.083850	1	21.523787	2	59.700558
sample_422	2	13.550643	2	26.679485	2	63.451663
sample_423	1	22.682303	0	21.241241	1	36.068545
sample_424	2	19.131859	2	27.163255	1	42.129488
sample_425	0	24.977382	0	17.409473	2	63.021309
sample_426	0	23.367982	0	11.599735	2	58.714457
sample_427	1	17.260472	1	31.970756	0	23.551716
sample_428	0	20.006915	2	27.186563	0	12.645978
sample_429	2	16.059243	1	35.107494	2	59.851959
sample_430	2	19.915179	2	24.040942	1	40.733465
sample_431	2	14.468533	1	26.359760	1	49.172888
sample_432	1	22.625228	2	23.925534	0	23.027436
sample_433	1	8.863189	1	24.379612	2	62.466204
sample_434	1	21.032495	0	12.738533	2	55.422984
sample_435	1	19.187326	0	21.902283	1	40.143462
sample_436	2	22.979385	0	28.858474	1	42.694112
sample_437	1	14.683195	1	17.212803	0	21.369329
sample_438	0	20.173269	0	24.327922	1	45.502085
sample_439	0	22.464874	0	15.194881	2	60.939411
sample_440	1	18.951728	0	23.595817	0	22.648047
sample_441	0	20.118513	1	19.023434	0	18.236035
sample_442	1	19.241013	0	12.236298	1	45.657383
sample_443	1	17.330109	2	30.319370	2	60.588192
sample_444	2	17.004151	0	16.069332	1	46.386135
sample_445	2	12.213733	2	21.631908	1	40.595435
sample_446	1	20.586727	2	16.591934	0	20.658088
sample_447	1	19.557477	2	32.650960	1	42.870786
sample_448	0	27.157499	1	22.201789	2	61.948567
sample_449	0	15.513185	2	21.867407	2	57.757871
sample_450	2	27.215305	2	22.030401	2	57.357806
sample_451	2	25.009048	1	23.093931	2	62.978212
sample_452	1	8.409412	1	24.916117	0	16.213576
sample_453	0	19.274258	2	21.704980	0	21.630672
sample_454	1	26.088028	1	21.452775	0	19.181695
sample_455	2	19.451944	0	10.202801	2	59.787482
sample_456	0	23.155946	2	24.930965	1	42.533254
sample_457	1	24.374586	1	15.179304	2	66.720021
sample_458	0	15.956193	1	17.344201	1	37.970699
sample_459	1	21.741023	2	18.344975	0	8.820059
sample_460	2	18.999988	1	22.688495	2	64.933451
sample_461	1	25.806346	0	21.664895	0	12.111408
sample_462	0	7.729151	2	13.016067	2	58.395235
sample_463	1	17.821759	2	32.769559	0	19.988593
sample_464	1	14.085654	2	14.445267	0	22.541580
sample_465	0	18.826466	0	20.114414	0	17.343307
sample_466	2	21.577279	1	19.944612	0	16.754828
sample_467	1	20.827718	0	9.719947	1	27.935009
sample_468	2	19.207418	0	25.073215	1	42.679584
sample_469	2	23.875545	2	20.751607	2	61.085267
sample_470	1	15.789418	2	16.110931	0	12.908766
sample_471	2	23.974857	2	23.387891	1	37.988854
sample_472	2	20.023950	0	3.028935	2	58.775304
sample_473	2	13.518865	1	18.860551	0	15.630602
sample_474	1	20.756866	2	22.150899	1	42.389197
sample_475	1	21.334332	2	22.764176	2	57.701255
sample_476	2	20.147796	2	26.944939	2	52.679055
sample_477	2	13.694351	2	24.814325	0	26.642759
sample_478	1	19.585054	1	11.148424	0	23.610226
sample_479	0	29.747651	1	22.523986	0	5.272850
sample_480	0	28.994972	2	17.366531	1	33.365948
sample_481	1	15.189840	2	18.102513	2	61.962915
sample_482	1	18.702970	2	27.198091	2	69.598785
sample_483	1	17.031381	1	26.109856	2	56.737445
sample_484	1	12.471290	0	28.442904	1	34.012455
sample_485	0	12.281752	1	22.353760	1	34.867555
sample_486	0	18.893642	2	31.102458	2	66.129291
sample_487	1	25.573308	1	19.277560	0	26.065783
sample_488	1	24.056606	2	24.367168	1	42.425666
sample_489	0	25.647442	1	22.043508	1	38.946177
sample_490	1	29.078377	1	19.755550	2	58.659908
sample_491	0	16.252260	2	13.992879	1	28.565623
sample_492	1	18.384185	2	17.015877	0	26.804278
sample_493	2	11.767988	2	28.974430	1	36.329811
sample_494	0	17.797230	1	21.916406	2	58.679344
sample_495	0	21.245080	1	27.773838	0	16.348407
sample_496	1	25.019294	1	17.430097	2	53.348063
sample_497	0	13.807789	2	19.591181	2	58.540048
sample_498	0	16.114061	1	21.078338	2	57.803031
sample_499	0	18.316890	2	22.860524	1	32.065517
sample_500	1	18.104419	2	22.519423	0	21.574664
sample_501	2	11.461526	1	25.972290	0	17.849042
sample_502	1	22.045814	2	15.778921	1	33.127905
sample_503	0	17.426211	2	27.778687	0	23.256604
sample_504	2	17.406686	2	21.694624	2	55.591228
sample_505	2	15.919812	2	24.811262	2	69.765339
sample_506	2	18.497565	2	16.426015	1	43.920127
sample_507	1	16.278189	2	23.022397	1	30.311507
sample_508	1	18.527413	2	25.896468	2	69.036881
sample_509	2	25.381926	2	16.811524	2	64.090605
sample_510	1	18.969863	0	28.501359	2	69.724796
sample_511	1	21.366516	2	18.812411	2	61.223463
sample_512	0	19.471611	0	22.247570	1	35.069791
sample_513	0	12.246373	2	19.338833	1	43.381730
sample_514	1	10.199562	0	22.764222	2	64.891991
sample_515	1	21.979525	1	27.896347	2	53.298271
sample_516	1	15.652411	0	11.456197	0	25.525854
sample_517	1	18.243434	0	15.897414	0	12.759278
sample_518	0	15.862504	2	25.906852	2	70.242357
sample_519	1	12.959641	1	20.604041	0	23.305488
sample_520	0	26.033467	0	20.016742	1	39.315471
sample_521	0	32.814789	2	26.678620	0	26.102765
sample_522	0	26.167740	0	25.537333	2	58.924643
sample_523	2	13.306659	1	23.355013	1	41.482908
sample_524	0	17.182169	2	19.384883	2	65.411490
sample_525	1	21.070947	1	27.194563	2	53.513290
sample_526	1	13.781137	1	32.089406	1	35.744840
sample_527	0	18.411407	0	18.770362	1	36.567418
sample_528	2	20.907283	0	19.422641	0	19.173366
sample_529	0	28.579230	1	27.036567	2	58.881632
sample_530	1	11.595253	0	18.090543	0	16.824603
sample_531	2	19.911997	1	19.509006	0	14.088188
sample_532	1	13.763252	1	15.828111	1	46.022141
sample_533	0	8.257947	2	19.473698	0	14.656066
sample_534	1	22.669525	0	22.957333	1	39.037501
sample_535	1	9.994819	1	22.919086	1	33.743806
sample_536	1	17.747096	2	22.261613	2	60.560393
sample_537	2	23.261218	0	22.222910	0	25.005977
sample_538	0	20.310150	0	21.026601	2	65.708403
sample_539	1	17.990794	1	18.692466	1	33.393187
sample_540	0	24.775780	1	26.671625	2	59.407224
sample_541	0	17.198437	2	19.902671	1	34.730058
sample_542	0	16.150033	2	25.180202	2	63.434816
sample_543	0	26.055665	1	16.023784	1	39.834983
sample_544	2	20.144319	0	16.744191	1	38.702811
sample_545	1	15.705175	1	19.811397	0	13.645887
sample_546	1	13.704344	0	18.466121	0	31.776123
sample_547	2	17.000368	2	29.583769	0	29.276512
sample_548	1	24.901004	0	28.849415	1	33.044307
sample_549	2	16.942326	0	13.177208	2	64.130867
sample_550	0	20.283584	0	21.940284	2	57.885160
sample_551	2	26.800315	2	30.638441	0	22.615829
sample_552	0	26.723124	0	16.473524	1	31.811920
sample_553	2	12.843819	2	18.841816	0	17.197137
sample_554	2	25.754918	1	14.378533	2	59.859486
sample_555	2	7.072378	1	33.404560	2	58.553223
sample_556	1	22.596439	2	21.049586	2	62.724455
sample_557	1	12.874279	2	22.715780	0	24.515678
sample_558	1	16.088800	0	15.255122	0	23.677599
sample_559	0	16.875398	2	20.657048	1	46.927302
sample_560	0	16.248749	2	18.082544	1	47.676658
sample_561	0	19.477212	2	21.544656	1	44.767319
sample_562	2	17.371755	2	16.817227	2	55.545718
sample_563	0	28.607730	0	17.112941	1	33.367484
sample_564	0	18.289517	0	21.016466	1	47.043370
sample_565	0	14.444404	0	20.030807	0	13.909851
sample_566	0	20.377972	2	20.550967	2	58.336987
sample_567	1	16.055467	2	25.283098	1	46.549357
sample_568	1	19.533443	2	17.812145	1	43.430051
sample_569	0	17.146213	1	20.783277	0	30.580799
sample_570	1	19.765453	0	26.686997	0	14.446224
sample_571	2	21.336845	0	17.994501	0	20.912175
sample_572	1	24.001554	1	23.487049	0	20.588970
sample_573	2	26.314843	0	23.568167	1	39.203462
sample_574	0	23.134397	0	21.212406	2	58.665649
sample_575	0	19.095537	0	22.754146	0	12.570778
sample_576	2	16.809512	1	20.970784	1	43.647212
sample_577	1	14.137719	2	18.882158	1	37.288976
sample_578	1	26.816234	0	19.792310	0	22.211941
sample_579	1	17.441471	2	21.432123	0	21.194950
sample_580	1	17.842190	0	35.162842	2	63.239355
sample_581	1	20.505719	0	22.051968	0	15.218023
sample_582	0	23.605420	2	15.666147	2	59.622214
sample_583	0	27.350573	0	13.733028	2	62.698015
sample_584	2	22.363012	1	14.283864	2	58.548477
sample_585	1	13.586705	1	13.242296	2	53.513316
sample_586	1	22.325077	0	18.409277	0	31.300044
sample_587	0	18.576528	1	21.703219	2	65.838456
sample_588	1	16.686577	0	14.668606	2	55.914093
sample_589	1	24.669432	2	15.128560	0	21.080804
sample_590	1	18.808662	2	21.226386	1	39.348823
sample_591	0	19.445093	2	33.782387	2	61.360040
sample_592	0	23.526125	1	20.340398	2	72.234520
sample_593	2	21.982261	1	33.241591	2	67.143971
sample_594	2	22.431936	1	21.413305	0	20.705853
sample_595	2	20.938830	2	22.760801	0	24.411476
sample_596	0	16.837294	1	20.049861	1	35.870761
sample_597	0	16.966339	0	17.232645	0	24.743661
sample_598	1	18.990963	1	22.827828	1	38.620014
sample_599	2	19.680582	1	15.819098	0	14.743278
sample_600	2	24.320206	2	14.916010	2	63.208269
sample_601	2	12.896268	1	22.612679	0	23.425216
sample_602	1	20.202714	2	13.158754	0	21.909298
sample_603	0	7.462220	2	13.416911	0	11.686574
sample_604	1	25.639992	0	29.201642	2	59.516741
sample_605	0	23.415727	0	16.318373	2	54.891248
sample_606	0	16.514077	0	8.454503	0	23.645710
sample_607	2	17.171864	1	20.165261	1	37.128506
sample_608	1	18.949842	2	14.963433	0	19.438921
sample_609	2	15.176357	1	20.157042	2	61.363014
sample_610	2	20.376389	2	21.052317	2	59.370959
sample_611	0	23.651714	0	13.480449	1	40.750510
sample_612	0	14.039572	1	13.310645	1	39.564258
sample_613	1	19.645021	0	24.375301	2	60.652733
sample_614	1	15.031895	0	29.143300	0	18.146134
sample_615	0	26.552546	2	19.744864	1	41.541179
sample_616	2	11.672759	2	14.369125	0	29.442127
sample_617	0	17.042538	1	12.764744	2	57.985826
sample_618	1	20.778911	2	27.662714	0	16.138703
sample_619	1	20.115898	0	20.832320	2	57.110295
sample_620	0	16.516737	2	26.656901	1	27.327101
sample_621	1	21.712590	0	29.123217	1	45.061962
sample_622	0	17.582326	0	22.141198	1	40.864411
sample_623	1	22.830952	1	23.621904	1	39.077304
sample_624	0	13.109777	1	20.537790	1	46.342556
sample_625	0	17.005062	0	20.914310	2	66.727869
sample_626	1	25.293209	1	19.131357	2	64.083853
sample_627	2	27.014068	2	25.003751	0	23.014851
sample_628	1	27.257184	0	28.150115	1	35.984670
sample_629	0	15.030172	1	15.407425	1	41.771981
sample_630	1	33.906620	0	24.383742	2	57.957172
sample_631	0	20.544742	1	18.911873	2	57.890287
sample_632	2	31.443695	2	17.213987	2	62.431071
sample_633	0	23.036583	1	22.425141	2	58.955910
sample_634	0	14.253610	2	17.697678	0	23.010545
sample_635	2	22.640569	2	21.779130	2	63.687808
sample_636	2	18.909218	1	25.024520	0	17.103051
sample_637	1	22.094072	1	17.907010	2	59.434415
sample_638	0	17.215668	0	23.169996	2	62.608199
sample_639	2	21.193840	1	13.259682	2	54.619126
sample_640	1	21.062215	0	24.850205	1	38.392099
sample_641	1	15.786571	1	18.581793	0	20.634315
sample_642	1	22.321044	1	33.120065	0	31.591779
sample_643	2	16.573080	0	25.816602	2	67.919362
sample_644	2	16.654904	1	18.826759	1	34.338517
sample_645	0	13.909028	2	25.167765	2	66.828584
sample_646	2	22.379822	0	21.535691	2	54.888780
sample_647	2	18.572299	2	19.946142	0	17.002753
sample_648	0	11.178831	2	28.541514	2	69.627032
sample_649	2	14.851892	0	19.594237	0	20.492687
sample_650	1	21.163442	1	17.670614	0	20.954060
sample_651	1	19.955254	0	18.285384	1	43.359911
sample_652	2	20.312470	2	28.887315	2	58.262899
sample_653	2	16.581658	1	13.348248	1	33.791443
sample_654	1	20.169477	0	13.462760	1	33.452782
sample_655	1	20.021395	2	23.574423	0	19.678552
sample_656	0	24.014449	0	19.812958	0	12.559969
sample_657	0	19.451414	2	24.891371	2	53.374871
sample_658	1	27.844246	2	16.371865	1	46.669996
sample_659	1	18.797793	2	24.600918	0	21.024353
sample_660	0	22.889420	2	20.213255	0	27.268251
sample_661	0	28.061503	2	17.543342	2	60.557946
sample_662	0	13.529024	2	25.367393	0	22.205188
sample_663	1	18.338975	2	16.555484	2	56.727034
sample_664	2	26.703069	0	23.862045	1	38.187211
sample_665	1	18.907362	2	20.150351	2	64.039180
sample_666	0	18.010165	0	21.575523	2	49.245812
sample_667	0	28.765800	1	12.628195	1	43.518545
sample_668	1	27.344532	1	23.505972	1	38.662824
sample_669	1	21.862407	1	20.168944	0	20.534774
sample_670	1	17.800962	0	15.237645	1	50.746052
sample_671	1	23.902941	2	25.821017	1	41.777708
sample_672	1	17.477640	2	14.349245	0	17.866403
sample_673	2	28.456840	2	14.509736	0	22.333373
sample_674	2	14.677341	2	19.541810	1	44.716250
sample_675	1	14.518087	2	19.046117	2	47.536338
sample_676	1	12.312437	0	14.874621	2	66.591268
sample_677	0	19.112399	0	20.606877	1	38.092443
sample_678	2	25.882644	1	23.532130	2	64.970427
sample_679	2	19.484614	1	17.759150	1	40.471885
sample_680	0	25.447204	0	8.397900	1	42.684348
sample_681	1	21.960472	2	26.433062	1	40.745511
sample_682	2	21.828829	2	21.263042	0	23.537923
sample_683	2	22.027555	0	15.601880	2	59.876416
sample_684	1	20.190098	0	21.703015	1	35.101428
sample_685	1	17.481305	2	13.927095	1	42.726576
sample_686	1	23.626338	2	21.975764	1	48.961911
sample_687	1	23.376003	2	25.536923	1	33.061902
sample_688	1	25.459603	1	19.471168	2	58.008207
sample_689	1	21.149775	1	22.936094	0	17.683336
sample_690	1	23.737283	2	16.334793	1	44.020534
sample_691	2	17.736459	0	18.727036	0	17.579492
sample_692	2	23.464483	1	24.710983	0	22.953337
sample_693	1	14.465889	0	19.227696	0	20.134363
sample_694	1	12.834234	2	19.536082	1	37.684816
sample_695	0	24.314528	0	20.064128	2	62.220944
sample_696	1	18.806060	2	24.462005	0	2.975405
sample_697	2	21.277915	2	32.725179	2	57.440955
sample_698	2	20.216800	2	23.826424	2	67.753072
sample_699	1	20.928020	2	14.396319	2	62.278401
sample_700	2	9.325032	2	25.883796	0	22.134151
sample_701	1	17.846193	1	15.671847	1	40.248190
sample_702	0	20.204334	0	7.735144	0	17.312342
sample_703	0	16.509900	1	24.849189	2	55.730038
sample_704	2	20.231164	1	30.402243	2	50.084958
sample_705	1	16.715782	0	16.195223	1	35.939443
sample_706	2	19.892901	0	19.821580	2	66.714554
sample_707	1	21.662269	1	18.184897	2	61.119908
sample_708	0	17.623994	2	28.054132	2	54.241695
sample_709	2	10.671511	2	20.256151	2	57.866391
sample_710	2	22.050159	1	14.978163	2	63.994968
sample_711	2	21.262992	2	20.916268	0	27.951862
sample_712	1	18.675153	0	24.146420	2	59.207000
sample_713	0	19.280777	1	19.294738	0	25.243338
sample_714	1	14.454411	1	17.175758	2	60.677440
sample_715	2	21.512880	1	17.913708	2	53.298240
sample_716	1	21.132475	2	27.714778	0	13.787706
sample_717	1	23.048531	2	20.020739	1	31.694091
sample_718	0	19.063992	0	23.596990	0	16.565316
sample_719	2	11.271989	0	21.383677	0	33.182227
sample_720	0	13.150514	0	24.195676	2	60.717247
sample_721	0	18.646789	2	25.034553	0	14.845564
sample_722	0	28.720054	0	17.107719	0	9.650265
sample_723	1	17.938064	0	23.021214	0	26.891479
sample_724	1	23.166847	2	16.680284	0	19.575233
sample_725	0	19.355534	0	21.398976	0	19.093484
sample_726	2	21.783092	1	26.214044	0	22.909150
sample_727	2	21.031598	0	22.872615	0	25.636163
sample_728	0	14.978753	0	11.911764	1	33.044515
sample_729	1	20.556217	2	21.595784	0	13.551753
sample_730	0	26.871865	0	20.003928	1	46.202151
sample_731	1	13.721794	0	25.322246	1	40.729671
sample_732	1	18.919177	2	20.448071	0	17.223727
sample_733	1	21.260948	0	25.981329	0	16.554937
sample_734	2	20.483681	0	19.725750	1	38.893274
sample_735	0	22.097618	2	28.210162	2	59.448841
sample_736	0	14.959418	2	17.918844	0	25.155883
sample_737	0	30.324955	1	25.571880	1	33.027848
sample_738	1	23.932849	0	8.227741	0	16.404622
sample_739	0	24.594277	2	32.856007	2	51.582197
sample_740	1	26.161912	1	14.349217	1	40.398772
sample_741	0	17.757695	1	20.518858	2	59.171921
sample_742	2	23.748994	0	22.523400	0	19.616584
sample_743	1	17.612743	2	19.327161	1	32.328295
sample_744	2	19.608200	2	15.234860	2	59.224833
sample_745	1	23.536329	1	31.813487	1	42.938980
sample_746	1	25.590088	1	23.787384	0	13.640546
sample_747	1	20.354468	0	19.389622	1	39.541132
sample_748	2	17.878042	0	22.587734	0	16.531865
sample_749	2	18.950018	0	21.028419	1	38.552915
sample_750	2	27.569412	1	19.255378	0	28.862086
sample_751	1	20.567136	2	21.174695	2	57.835887
sample_752	0	9.378011	2	22.962249	2	69.396829
sample_753	1	25.482334	1	22.631042	0	26.841925
sample_754	2	24.309195	2	20.928656	2	60.356180
sample_755	1	14.751027	1	25.316567	0	19.444486
sample_756	0	12.970454	0	24.825736	2	47.156854
sample_757	1	17.054498	1	22.999111	2	56.398696
sample_758	2	23.113113	0	21.118075	0	24.185062
sample_759	2	16.728003	0	24.347897	2	64.005429
sample_760	1	10.921356	0	11.723645	1	38.216422
sample_761	1	24.851486	2	19.984809	0	10.506181
sample_762	0	29.903561	2	17.008342	2	68.475375
sample_763	0	16.035566	0	16.593111	0	14.582799
sample_764	0	20.854996	2	12.607370	1	32.024115
sample_765	0	18.705748	2	21.021623	2	65.120481
sample_766	0	19.076623	2	19.477886	1	38.704476
sample_767	0	16.179390	1	20.880947	0	22.016435
sample_768	0	19.876235	2	37.607102	2	62.848490
sample_769	2	24.547499	1	22.293115	0	20.827241
sample_770	2	21.682963	1	21.229199	0	19.148067
sample_771	0	8.901679	2	22.485175	0	15.777451
sample_772	2	13.012668	1	20.607113	1	38.197106
sample_773	0	17.023708	1	25.222408	0	24.260519
sample_774	0	22.014337	2	23.810376	0	19.548345
sample_775	1	23.527091	1	22.083378	0	23.600241
sample_776	2	27.924800	2	20.964164	0	18.418742
sample_777	2	25.662240	2	28.372147	0	21.685862
sample_778	2	10.030376	1	14.804952	0	17.150779
sample_779	1	16.898439	1	23.112998	1	39.487254
sample_780	1	23.997936	0	29.840056	1	43.786369
sample_781	2	23.445793	2	24.819309	2	54.315476
sample_782	1	15.791634	1	12.542002	1	38.783499
sample_783	1	23.063939	2	24.738189	1	39.405245
sample_784	0	23.020569	1	30.792087	1	46.352088
sample_785	1	18.204474	0	23.395765	2	68.650647
sample_786	1	15.884735	1	17.746862	2	60.390581
sample_787	2	24.752083	0	27.108724	0	14.816417
sample_788	1	14.502425	2	13.282271	0	18.841799
sample_789	1	18.844051	0	19.859728	0	11.381924
sample_790	1	26.552125	2	19.283388	1	38.471867
sample_791	2	18.670943	0	26.349172	2	60.633832
sample_792	2	11.237741	2	23.240674	1	37.689102
sample_793	0	19.387957	1	9.484557	2	58.613216
sample_794	1	14.173584	1	24.691748	1	41.380353
sample_795	1	17.127275	1	25.011306	0	17.916739
sample_796	1	17.683968	0	24.322524	0	28.760474
sample_797	0	22.656573	0	11.456446	2	57.602321
sample_798	1	25.672839	2	27.751070	1	35.290712
sample_799	1	14.704748	2	22.833690	1	39.499667
sample_800	0	14.336542	2	14.392905	0	23.691016
sample_801	2	18.195896	1	21.399794	2	53.613042
sample_802	1	28.628339	2	23.638136	1	45.402241
sample_803	2	24.161415	0	22.743901	1	41.318516
sample_804	1	12.985835	2	20.474374	1	33.982834
sample_805	1	18.929139	1	24.000475	2	55.903907
sample_806	0	17.432567	2	20.711522	0	19.617895
sample_807	0	20.284018	1	22.220823	0	23.770967
sample_808	2	20.625320	1	28.613755	2	62.980825
sample_809	0	21.028628	2	29.407982	1	35.571050
sample_810	1	23.174721	0	14.369915	1	43.988172
sample_811	2	32.418961	1	14.110954	2	55.005303
sample_812	1	15.527748	2	25.144622	0	22.026981
sample_813	1	14.294018	2	20.845258	2	51.229117
sample_814	2	22.843000	2	20.525638	0	21.061094
sample_815	1	17.177263	0	20.274299	2	62.536007
sample_816	0	23.547526	1	20.272683	0	20.455622
sample_817	1	13.653453	1	27.089672	2	64.668523
sample_818	0	13.843826	0	14.808229	2	59.269754
sample_819	1	15.791842	0	26.469082	2	67.782310
sample_820	1	14.057143	1	20.279265	0	22.101323
sample_821	0	16.720250	1	18.181826	0	16.875876
sample_822	1	23.970109	1	20.054333	0	13.483710
sample_823	0	13.875151	1	21.749955	1	47.750101
sample_824	2	15.988266	0	8.191061	0	17.120162
sample_825	1	23.819007	0	17.154696	1	43.062353
sample_826	0	17.823834	0	25.682293	2	65.667603
sample_827	0	19.999811	1	27.244380	1	33.541839
sample_828	2	22.889810	1	22.883630	1	36.885551
sample_829	2	23.378764	0	20.457093	1	42.516945
sample_830	1	19.437652	2	14.906749	0	27.261810
sample_831	1	17.126215	1	15.639974	2	56.565472
sample_832	0	10.658672	2	24.903649	2	57.058059
sample_833	2	20.505926	2	25.489408	2	54.950664
sample_834	0	23.277176	2	22.617342	1	49.540853
sample_835	2	22.779504	2	20.499043	0	22.229243
sample_836	2	10.688995	2	13.518155	0	24.670722
sample_837	2	20.004580	0	14.594428	2	56.736856
sample_838	0	21.455357	0	24.238328	2	54.598947
sample_839	1	19.150005	0	17.581399	0	22.118581
sample_840	2	10.739410	0	25.123655	1	48.093443
sample_841	2	14.077253	1	18.087140	1	42.817745
sample_842	0	11.374552	0	24.408248	2	53.222069
sample_843	0	23.833163	2	21.275691	1	41.062534
sample_844	1	27.102829	2	20.490540	2	54.042439
sample_845	0	17.438509	0	17.586395	1	30.945847
sample_846	2	11.046661	2	27.507207	0	18.483553
sample_847	0	15.422215	0	9.460732	1	42.137812
sample_848	2	23.545448	2	18.186779	2	62.648302
sample_849	0	19.551826	1	19.429248	0	24.005811
sample_850	1	24.877516	1	15.527116	2	65.067066
sample_851	2	12.592316	0	6.231760	2	54.943737
sample_852	0	22.579906	2	24.801923	2	57.570332
sample_853	2	17.026192	1	13.948032	0	22.169585
sample_854	0	20.717574	2	16.976376	1	32.974538
sample_855	0	24.465997	0	12.329524	2	61.087998
sample_856	0	21.085009	0	20.042017	1	31.010312
sample_857	0	29.784587	0	14.095038	0	24.941872
sample_858	1	20.154143	0	15.693853	1	35.971341
sample_859	1	20.235031	2	15.438303	2	53.689468
sample_860	2	12.106997	1	26.744696	0	24.042770
sample_861	2	21.165336	0	18.943793	1	36.429202
sample_862	0	12.644056	1	28.346154	2	65.134403
sample_863	2	23.162491	1	25.894336	1	33.785987
sample_864	0	17.033130	2	25.982401	2	61.295188
sample_865	0	22.844064	2	20.371923	1	44.299873
sample_866	2	19.552690	0	29.184127	0	26.702885
sample_867	0	17.592971	1	21.756273	2	67.351562
sample_868	0	15.544240	1	25.456547	0	22.332849
sample_869	0	18.582136	2	18.082133	2	58.043542
sample_870	1	29.519206	2	18.535363	1	41.419776
sample_871	0	20.587937	0	19.886808	1	37.137920
sample_872	0	23.292614	2	18.687919	2	69.623912
sample_873	1	28.915894	0	24.749633	2	51.809555
sample_874	0	28.915609	0	25.232204	1	37.229195
sample_875	0	20.448155	0	23.245855	1	30.099436
sample_876	0	14.239862	1	20.883799	0	17.669839
sample_877	2	11.021285	0	19.958952	0	18.171879
sample_878	0	26.592291	0	21.231637	2	62.937008
sample_879	1	16.107444	1	12.883084	1	36.120066
sample_880	1	25.005186	1	30.973830	0	18.210255
sample_881	0	26.951303	2	27.057666	1	35.891103
sample_882	2	23.866475	0	19.290771	2	64.138091
sample_883	2	31.333695	0	23.750162	2	57.171886
sample_884	1	26.336945	0	23.381667	1	36.521575
sample_885	2	16.681762	2	18.702517	1	38.121071
sample_886	1	18.369671	1	18.728906	1	49.799029
sample_887	2	17.642759	2	32.301817	2	52.529128
sample_888	1	9.984779	2	25.054246	0	18.779218
sample_889	1	24.249420	2	23.614210	0	22.071881
sample_890	0	20.449042	2	21.424478	0	20.041747
sample_891	0	23.576238	2	12.516642	2	64.055549
sample_892	2	16.926718	2	28.845120	0	14.988049
sample_893	0	17.272451	2	22.286599	0	14.307735
sample_894	1	15.000421	0	19.094000	2	59.970205
sample_895	0	20.871694	2	26.019674	2	54.594476
sample_896	0	14.493809	2	31.849812	2	61.533859
sample_897	0	22.497917	0	28.894031	1	39.376648
sample_898	0	26.849755	2	23.120618	1	42.671181
sample_899	0	22.772574	2	14.473842	0	28.341108
sample_900	0	17.200844	2	14.324337	1	41.596728
sample_901	0	20.347108	2	19.174315	2	58.439160
sample_902	0	17.643268	2	7.750249	2	67.168857
sample_903	0	19.451598	2	19.547279	2	66.987367
sample_904	0	26.392794	1	22.734037	2	57.428533
sample_905	1	18.597669	2	28.884476	2	53.512997
sample_906	2	13.598013	1	21.652214	1	39.648243
sample_907	1	13.420387	0	12.613549	2	65.171434
sample_908	2	24.900569	1	26.039169	2	62.807977
sample_909	2	19.206256	1	11.679148	0	14.149024
sample_910	2	21.034271	1	21.210422	0	22.805168
sample_911	2	14.460157	0	21.020432	0	14.159020
sample_912	1	16.849085	2	16.431840	1	34.568180
sample_913	0	12.344815	2	13.089512	0	14.600699
sample_914	0	24.303573	2	28.430452	0	17.659280
sample_915	1	15.854349	1	21.624451	0	22.845611
sample_916	1	27.055383	1	22.680640	0	5.352850
sample_917	0	17.967187	0	18.178665	1	45.138238
sample_918	0	23.988436	1	25.606483	2	56.122511
sample_919	2	18.456976	0	24.775350	1	33.059347
sample_920	2	15.694448	2	24.731737	0	12.736865
sample_921	1	22.465688	0	15.646727	1	40.355918
sample_922	2	19.863906	2	13.180970	1	34.555974
sample_923	0	16.348305	2	20.084171	1	33.196096
sample_924	1	23.025030	1	26.258624	0	12.991943
sample_925	2	22.778513	1	21.199348	0	24.627134
sample_926	0	15.421493	2	23.775547	1	42.544264
sample_927	2	28.548373	0	13.286074	2	53.695666
sample_928	1	21.133140	2	27.054622	2	63.323256
sample_929	1	10.378272	0	24.017582	0	17.411053
sample_930	1	25.206138	0	27.208405	1	36.281059
sample_931	0	20.098266	1	28.028262	1	42.751814
sample_932	2	15.218881	1	21.315527	2	57.603542
sample_933	1	15.618777	1	20.849529	1	35.883105
sample_934	2	23.414933	2	16.202538	1	35.185306
sample_935	1	24.689230	2	32.539487	2	59.640018
sample_936	1	13.274732	1	23.185596	0	23.473409
sample_937	2	18.796459	2	27.944785	2	56.292303
sample_938	0	14.351125	0	24.880154	1	47.504785
sample_939	2	26.254374	0	25.827488	0	21.463667
sample_940	2	13.370703	1	19.260011	1	37.376364
sample_941	0	14.261456	2	16.058868	1	38.787384
sample_942	0	20.480985	1	21.897541	1	31.390555
sample_943	2	25.898166	2	17.043765	1	38.690748
sample_944	1	20.711099	1	22.091578	0	21.336076
sample_945	2	23.159531	2	21.178223	2	59.691303
sample_946	1	19.045784	0	16.217698	0	16.712498
sample_947	1	18.265297	2	17.887989	2	60.843671
sample_948	1	22.242277	2	9.378381	0	21.614363
sample_949	1	18.910985	0	22.142459	0	21.315248
sample_950	2	21.334022	0	20.330622	0	9.773499
sample_951	2	14.817303	1	22.260242	2	59.915218
sample_952	1	21.575125	0	14.892407	2	65.404856
sample_953	1	21.900641	0	22.510937	0	33.063736
sample_954	0	22.106361	2	17.877874	1	40.508373
sample_955	2	19.893568	0	22.242340	1	30.491059
sample_956	0	12.304875	2	24.030699	1	36.272504
sample_957	1	19.018182	2	21.941745	0	14.687145
sample_958	0	16.297308	0	14.252936	2	54.235660
sample_959	0	19.656691	1	15.186445	0	21.149400
sample_960	0	20.546915	1	22.500047	0	18.201689
sample_961	2	18.760864	2	23.709624	0	19.588399
sample_962	2	25.559061	2	21.388890	0	21.225692
sample_963	1	25.786026	2	13.877769	2	68.843834
sample_964	1	18.725042	0	17.370028	1	32.381826
sample_965	2	19.981887	1	18.262311	2	62.331243
sample_966	1	8.125260	0	18.730193	2	65.437489
sample_967	2	21.987221	0	21.500280	2	53.807902
sample_968	0	17.271319	1	26.305406	1	40.479074
sample_969	1	27.203745	1	22.897036	1	33.189418
sample_970	0	32.422388	0	21.455445	1	34.408032
sample_971	2	15.754801	2	15.914923	0	29.104581
sample_972	0	18.759492	2	20.062972	0	28.118237
sample_973	0	15.436341	1	17.042379	2	64.165006
sample_974	0	15.522932	1	23.072352	1	39.201455
sample_975	2	25.613430	0	16.426754	0	20.445717
sample_976	1	19.141106	0	24.730712	2	62.374190
sample_977	0	17.530538	2	21.746039	0	21.457013
sample_978	1	20.367551	0	17.449760	0	18.539887
sample_979	0	25.299838	0	21.147146	0	13.341573
sample_980	2	24.800953	2	21.923319	2	59.575640
sample_981	1	9.714234	1	25.427749	1	38.101427
sample_982	1	21.605839	0	14.606278	2	64.442212
sample_983	0	17.624802	2	13.433953	1	33.561572
sample_984	2	24.174804	2	15.436924	0	20.557169
sample_985	2	19.048323	1	25.243346	0	24.070810
sample_986	0	21.677346	0	21.340393	1	41.943423
sample_987	2	16.735816	1	16.549985	1	39.497604
sample_988	0	24.160819	2	24.803938	2	68.966836
sample_989	1	11.845166	0	18.761252	2	64.098049
sample_990	0	22.926218	0	24.937720	1	39.631309
sample_991	0	14.329679	1	12.148422	2	58.355905
sample_992	2	15.496547	1	21.798126	1	33.406388
sample_993	0	23.386479	1	10.835866	0	16.771693
sample_994	1	12.500963	1	28.888589	2	61.459353
sample_995	1	15.614281	0	10.975812	1	34.905707
sample_996	2	16.075320	0	20.097510	2	57.145159
sample_997	0	17.588301	0	19.138368	2	61.712667
sample_998	1	24.629434	0	16.641079	0	24.771532
sample_999	1	33.060825	2	19.926962	2	55.971940
sample_1000	2	20.280522	0	20.094786	0	16.912944
sample_1001	2	27.760975	0	25.794598	1	31.634407
sample_1002	0	12.613412	2	20.679689	1	38.040258
sample_1003	0	19.000581	1	29.260132	0	19.328768
sample_1004	2	13.548059	1	22.019768	0	19.211355
sample_1005	0	6.178379	1	15.315145	2	55.663672
sample_1006	0	16.853602	1	17.441633	2	58.128014
sample_1007	1	15.023104	0	17.745104	1	38.023335
sample_1008	1	25.421171	1	20.669330	1	36.204998
sample_1009	0	29.754389	2	14.814197	0	16.723821
sample_1010	2	20.874452	2	16.553043	1	45.346978
sample_1011	1	25.515188	2	18.067612	0	19.270611
sample_1012	1	19.158945	0	22.911212	1	38.752155
sample_1013	2	20.192258	2	28.255704	0	23.641429
sample_1014	0	25.974105	0	14.577649	0	13.307103
sample_1015	1	11.373674	0	21.886638	2	56.898918
sample_1016	1	32.503130	2	17.927058	2	63.368669
sample_1017	2	19.953668	2	23.092609	0	21.868035
sample_1018	0	10.211026	1	15.040114	1	38.572679
sample_1019	0	20.653501	2	23.793264	2	55.613078
sample_1020	0	16.760494	0	10.950234	1	42.495216
sample_1021	1	16.418934	2	19.961413	2	56.063726
sample_1022	2	15.546624	2	22.174551	0	17.670392
sample_1023	0	18.034995	2	21.326579	0	22.459761
sample_1024	1	16.112616	1	25.340378	0	26.497651
sample_1025	0	17.338224	1	12.624738	1	40.111745
sample_1026	2	16.050944	0	23.988254	1	41.728658
sample_1027	0	8.658359	2	12.748606	0	14.737974
sample_1028	2	21.748512	0	22.277980	2	60.409229
sample_1029	0	22.042081	2	17.276000	2	57.102559
sample_1030	1	16.790025	1	17.959450	0	22.154378
sample_1031	1	14.093323	2	28.670746	2	63.725188
sample_1032	1	12.569522	2	24.907638	2	56.082829
sample_1033	1	24.539195	0	21.527868	0	28.568075
sample_1034	2	16.822912	1	23.086608	2	62.033447
sample_1035	0	25.371039	0	14.196589	0	16.653651
sample_1036	0	22.872585	1	21.423869	2	62.037593
sample_1037	1	21.152940	0	18.785456	1	46.075118
sample_1038	1	17.293437	2	28.496593	0	25.702403
sample_1039	2	15.161204	2	23.727176	2	60.801120
sample_1040	1	9.415736	2	19.185719	1	39.387124
sample_1041	1	19.584951	2	19.762327	2	61.858473
sample_1042	2	14.400447	2	21.691615	0	18.997921
sample_1043	0	18.697034	2	15.087441	0	18.936572
sample_1044	0	19.677025	2	18.404429	1	40.620926
sample_1045	2	10.235643	0	17.840616	1	31.442466
sample_1046	2	28.009599	1	15.889444	0	15.896652
sample_1047	1	18.495311	2	20.306189	1	37.345405
sample_1048	1	21.124177	0	24.811612	2	64.586926
sample_1049	2	11.240192	1	20.090394	0	25.403549
sample_1050	2	20.714127	2	20.172148	2	61.696656
sample_1051	0	18.222563	1	15.623911	2	61.719501
sample_1052	1	15.973460	2	22.016175	2	58.885967
sample_1053	0	18.729518	1	21.458134	0	26.933228
sample_1054	2	22.654449	2	21.486676	0	16.721726
sample_1055	0	26.492297	2	29.138225	1	47.011626
sample_1056	1	11.730105	0	23.708020	0	18.121963
sample_1057	2	22.031588	0	27.332861	2	66.062795
sample_1058	2	33.879407	0	24.323044	0	19.831165
sample_1059	0	27.709489	0	14.054370	0	26.465904
sample_1060	0	22.030888	1	27.266566	2	64.960090
sample_1061	2	12.735766	2	11.511054	0	18.809042
sample_1062	1	23.380674	0	22.567592	0	16.077174
sample_1063	1	19.496677	2	19.024962	2	64.772619
sample_1064	2	15.928022	0	13.236531	2	66.094011
sample_1065	2	31.470597	0	15.237973	0	22.209689
sample_1066	1	22.014938	0	16.281786	1	34.836521
sample_1067	0	20.769664	1	37.521033	2	62.346736
sample_1068	0	26.313475	1	21.990313	0	19.692331
sample_1069	0	15.012036	1	19.533071	2	68.297553
sample_1070	0	16.618750	0	20.405299	1	39.068079
sample_1071	1	19.756986	1	20.689112	0	24.021639
sample_1072	0	24.213388	1	26.438269	2	55.949224
sample_1073	1	22.743145	1	19.681931	1	47.801756
sample_1074	0	10.962166	2	27.191999	2	71.294820
sample_1075	1	19.152494	1	16.740035	0	14.333505
sample_1076	2	21.718246	1	22.147814	1	45.921538
sample_1077	0	10.307666	1	22.623995	2	69.435496
sample_1078	0	17.935391	0	18.915569	1	42.565564
sample_1079	0	21.167296	0	17.063389	0	28.312548
sample_1080	1	21.546611	2	23.225596	2	66.391660
sample_1081	0	11.453977	1	24.341630	2	65.899061
sample_1082	0	12.976282	2	30.422570	2	55.457183
sample_1083	2	20.242472	1	20.038903	2	63.324910
sample_1084	1	16.281076	1	30.838926	1	53.867308
sample_1085	0	18.307769	1	30.916810	1	32.397683
sample_1086	2	24.878992	1	25.251522	0	15.246936
sample_1087	0	29.652543	2	23.866568	2	56.116207
sample_1088	2	31.523082	0	14.043172	1	35.366107
sample_1089	1	16.331535	1	18.912008	1	38.713601
sample_1090	1	15.132685	1	18.229765	2	69.237873
sample_1091	0	17.317447	2	19.829057	0	29.433375
sample_1092	0	26.845489	0	22.455063	0	23.613263
sample_1093	2	11.367043	2	21.142637	2	57.418349
sample_1094	2	6.652430	2	22.333685	0	25.532403
sample_1095	0	16.029439	2	20.498136	1	39.117325
sample_1096	1	17.442711	1	28.370771	0	17.329443
sample_1097	0	15.068947	0	32.052461	0	16.494362
sample_1098	2	17.653242	1	26.182518	0	11.542002
sample_1099	0	25.406504	1	20.607473	2	66.129631
sample_1100	1	22.590277	1	24.605269	0	21.992315
sample_1101	2	16.013424	0	15.616526	2	63.240832
sample_1102	1	8.179285	0	19.548774	1	44.819591
sample_1103	2	21.062246	2	25.152021	1	35.102381
sample_1104	0	17.204122	1	11.783950	1	32.434044
sample_1105	2	25.388806	0	17.244075	0	19.550845
sample_1106	1	22.740958	2	14.824559	1	27.421368
sample_1107	2	17.825237	2	28.441229	2	66.351430
sample_1108	0	9.273034	1	26.737918	0	23.576704
sample_1109	0	20.000681	1	15.179727	0	27.887245
sample_1110	1	21.773592	0	14.772413	1	34.039212
sample_1111	1	13.158223	1	19.964607	0	12.229414
sample_1112	1	27.017610	2	29.210323	1	41.481928
sample_1113	2	16.674419	1	30.252571	1	46.712185
sample_1114	1	10.727873	0	15.774103	0	20.559884
sample_1115	1	7.555144	1	21.598287	0	17.150435
sample_1116	2	27.743552	2	19.299711	1	36.947893
sample_1117	2	13.211827	0	20.143722	0	17.669669
sample_1118	0	23.318168	0	17.477858	0	21.146591
sample_1119	1	10.751102	1	25.668851	0	10.333943
sample_1120	0	26.638785	2	19.611896	0	23.225713
sample_1121	1	28.607070	2	19.572918	1	41.325732
sample_1122	1	12.617111	1	21.910304	0	9.307157
sample_1123	1	11.930044	1	25.149382	0	22.498861
sample_1124	2	22.844728	1	12.772168	2	63.892585
sample_1125	1	16.995660	0	17.550728	0	16.677302
sample_1126	1	18.509418	0	17.816648	2	58.669350
sample_1127	2	11.566148	2	18.566940	1	30.820210
sample_1128	1	18.864941	0	21.415403	2	62.476414
sample_1129	1	13.443277	1	22.526007	1	44.434419
sample_1130	2	24.341151	2	24.800752	0	21.638688
sample_1131	2	11.852255	2	23.178738	0	20.032454
sample_1132	0	14.934752	1	21.136480	1	42.073125
sample_1133	2	26.154411	1	22.998407	1	37.604446
sample_1134	0	18.143803	0	24.654725	1	42.647882
sample_1135	2	14.856463	2	15.447251	1	38.731467
sample_1136	0	18.687295	0	26.039014	2	69.826187
sample_1137	1	18.320762	1	22.803241	0	23.293056
sample_1138	1	18.207130	0	14.956549	1	36.902633
sample_1139	0	24.075951	0	15.578992	2	59.388625
sample_1140	1	22.730664	1	14.435505	2	66.209827
sample_1141	1	19.101366	2	23.621917	2	61.169629
sample_1142	0	16.073226	1	29.287561	0	24.805307
sample_1143	0	30.549495	1	16.389604	1	44.243021
sample_1144	2	23.538801	2	11.132938	2	62.240101
sample_1145	1	21.054650	0	19.805926	1	30.199648
sample_1146	0	19.806222	2	38.119851	1	37.237056
sample_1147	0	21.607651	0	10.697168	1	48.019929
sample_1148	2	21.459460	1	23.103063	1	40.173596
sample_1149	0	22.662084	2	13.513651	2	48.137843
sample_1150	2	21.851268	0	20.039068	0	13.327219
sample_1151	1	20.923298	2	19.040998	0	26.867533
sample_1152	2	22.849908	1	27.090743	1	38.440127
sample_1153	2	19.131881	2	17.122184	0	9.226358
sample_1154	2	19.505033	2	18.471403	1	40.036196
sample_1155	1	23.121408	0	21.384106	2	67.146882
sample_1156	1	20.857448	2	21.629211	2	60.431563
sample_1157	1	16.451619	2	19.949426	2	59.117160
sample_1158	1	24.935924	2	24.044899	1	41.252018
sample_1159	2	23.178583	1	17.434909	2	56.020539
sample_1160	1	16.754756	0	22.178448	0	22.715502
sample_1161	2	21.309894	2	21.267892	2	51.552729
sample_1162	0	22.196822	2	27.086268	0	20.526262
sample_1163	1	18.574620	0	14.605321	1	39.200876
sample_1164	2	23.404047	0	18.307858	1	34.173597
sample_1165	1	7.252113	2	28.414442	0	17.103173
sample_1166	0	17.858149	1	22.147916	2	56.956240
sample_1167	1	12.813128	1	16.398041	2	67.590687
sample_1168	2	11.874416	1	17.605605	0	16.348190
sample_1169	0	23.836375	0	16.000351	2	55.731722
sample_1170	1	33.687108	0	31.528520	1	36.910845
sample_1171	2	13.315860	1	16.389005	2	52.375126
sample_1172	2	19.286983	2	17.109453	0	19.070700
sample_1173	2	24.739509	1	12.218012	0	20.316228
sample_1174	0	9.580427	0	19.446350	0	20.794607
sample_1175	0	21.561618	2	25.637307	2	59.160732
sample_1176	0	24.976113	2	21.614684	1	38.706841
sample_1177	1	7.839186	1	12.150745	0	21.787807
sample_1178	1	24.256659	2	23.181802	2	53.639088
sample_1179	2	24.892143	1	12.061236	1	45.074296
sample_1180	0	20.988853	1	23.768701	0	19.242383
sample_1181	1	27.619208	2	15.127858	2	60.367351
sample_1182	2	18.127621	1	14.340286	1	48.132496
sample_1183	0	20.763089	2	22.666432	0	17.649128
sample_1184	2	23.406330	2	21.117393	0	18.705811
sample_1185	1	21.700109	1	24.306730	1	38.697137
sample_1186	2	24.218260	2	22.446674	1	38.436045
sample_1187	1	16.929110	0	25.970927	2	54.749690
sample_1188	2	16.646980	2	24.319776	2	54.856927
sample_1189	0	14.708442	0	26.695291	0	15.899173
sample_1190	1	22.072002	1	28.245235	0	14.028137
sample_1191	1	25.586327	0	8.613072	1	40.976741
sample_1192	0	31.057239	1	11.530801	1	39.772304
sample_1193	1	29.600516	1	17.249023	0	24.648354
sample_1194	0	12.620625	1	21.108182	1	38.393181
sample_1195	2	22.221515	2	20.910193	2	59.041686
sample_1196	2	30.762048	2	18.999458	2	59.236288
sample_1197	0	14.386040	0	21.134240	0	14.451347
sample_1198	0	25.099037	2	17.515085	1	36.220360
sample_1199	1	14.116957	2	18.816372	2	57.473665
sample_1200	0	21.347792	1	22.442434	2	62.733619
sample_1201	0	24.073655	2	24.916930	1	37.256589
sample_1202	1	28.055417	1	22.987652	1	32.134884
sample_1203	1	21.537920	1	22.287720	1	46.956490
sample_1204	1	17.731971	0	13.951177	0	22.608820
sample_1205	2	10.515255	2	16.606014	0	12.641384
sample_1206	2	12.307543	2	23.167310	1	31.541415
sample_1207	0	26.169397	1	18.531949	0	27.074681
sample_1208	1	21.098393	2	9.294914	0	17.420473
sample_1209	1	19.898780	2	23.604824	2	61.495608
sample_1210	0	23.398304	1	26.858296	0	30.089758
sample_1211	2	24.862390	1	23.856281	2	60.481604
sample_1212	2	32.664036	0	15.779699	0	20.332962
sample_1213	0	20.687440	1	26.360533	2	56.736271
sample_1214	2	25.540097	1	14.070126	1	37.040246
sample_1215	0	22.300093	1	24.702408	0	14.165717
sample_1216	2	20.722039	1	18.526758	2	62.478327
sample_1217	2	14.326319	0	14.474330	1	43.879265
sample_1218	2	21.760582	0	12.287734	1	44.988183
sample_1219	1	14.436890	2	26.662296	2	70.994902
sample_1220	0	13.587530	0	14.915055	1	35.763982
sample_1221	0	26.032134	1	23.143104	2	57.740060
sample_1222	1	14.467639	0	16.763924	0	25.205851
sample_1223	2	11.634816	1	15.482560	1	49.998703
sample_1224	2	15.428399	1	22.355539	1	32.136146
sample_1225	2	18.031046	1	15.237905	2	51.579079
sample_1226	0	13.513467	1	21.716470	0	15.731378
sample_1227	0	23.731399	0	22.177713	2	61.486660
sample_1228	0	22.193259	0	19.274726	2	71.938137
sample_1229	2	22.522118	0	13.873426	1	37.680808
sample_1230	1	24.063483	1	13.832416	2	64.475033
sample_1231	0	15.758855	1	27.227900	0	16.645029
sample_1232	1	23.841033	0	21.065733	0	20.572150
sample_1233	0	17.645433	0	20.639081	2	58.496912
sample_1234	2	15.671178	1	19.697760	0	30.110632
sample_1235	1	12.721985	2	22.160421	1	33.363826
sample_1236	0	18.181830	2	17.575484	2	58.104989
sample_1237	1	14.111747	1	19.452090	1	42.339313
sample_1238	1	23.226900	2	19.776759	0	14.159943
sample_1239	1	22.349040	2	18.004462	0	12.026535
sample_1240	0	13.325968	1	18.543948	2	56.632732
sample_1241	2	12.843860	1	14.106399	1	41.674047
sample_1242	1	21.809875	2	18.585280	2	58.558483
sample_1243	1	16.345132	1	19.495279	0	20.493321
sample_1244	1	20.934320	1	29.825001	1	44.377807
sample_1245	0	21.192687	1	15.997713	1	46.544111
sample_1246	1	21.583869	2	28.794352	2	62.967506
sample_1247	2	19.903871	2	22.317961	2	60.665206
sample_1248	0	19.306227	2	27.403057	1	35.614236
sample_1249	1	18.820367	0	16.658362	2	63.418006
sample_1250	1	17.580305	1	19.357868	0	13.175959
sample_1251	0	18.152237	2	24.855005	0	12.148704
sample_1252	1	16.421240	0	13.680806	2	70.886739
sample_1253	2	19.473601	0	23.538628	2	57.413008
sample_1254	0	26.271498	2	23.363021	1	40.432784
sample_1255	2	23.406319	0	21.040629	2	60.292974
sample_1256	1	14.002618	1	15.141365	0	21.221722
sample_1257	1	18.240969	2	27.525099	0	17.096101
sample_1258	2	19.426518	2	24.121639	2	53.156353
sample_1259	2	9.847261	1	14.613845	0	29.268921
sample_1260	0	13.749377	0	22.554707	1	33.975276
sample_1261	0	23.376931	0	22.908775	1	40.268396
sample_1262	1	19.310960	1	16.394495	1	33.775346
sample_1263	2	28.036611	0	22.728350	1	40.509800
sample_1264	1	16.502467	0	14.194908	1	27.208896
sample_1265	0	25.130518	2	24.699447	0	19.607349
sample_1266	0	18.679754	2	25.487667	1	36.633999
sample_1267	2	13.483189	1	22.518496	2	63.412657
sample_1268	2	20.110173	0	23.345110	2	70.759071
sample_1269	0	24.250116	1	11.193593	1	25.197069
sample_1270	2	20.578041	1	17.270656	2	69.114080
sample_1271	1	19.063321	1	12.394432	0	16.051278
sample_1272	2	22.645514	1	17.366142	1	45.623956
sample_1273	0	14.129775	1	16.387610	1	35.661417
sample_1274	0	17.610564	1	14.764078	0	20.762995
sample_1275	0	16.340906	2	22.618883	2	63.287244
sample_1276	1	23.149344	2	24.353074	1	36.343423
sample_1277	0	13.138982	2	23.613460	2	61.956121
sample_1278	2	20.951797	1	17.026930	2	56.981472
sample_1279	1	15.603494	2	29.103790	0	16.292217
sample_1280	2	6.779728	0	27.390224	2	59.935735
sample_1281	1	19.572333	0	24.763184	2	59.496349
sample_1282	1	13.931467	0	11.147783	0	15.641953
sample_1283	1	19.457715	1	23.550024	0	10.086384
sample_1284	1	22.443327	2	22.527944	2	60.783864
sample_1285	0	26.662953	0	19.764096	0	25.070892
sample_1286	2	15.240448	0	21.275811	2	67.078890
sample_1287	2	19.913806	2	11.082111	2	67.885118
sample_1288	2	29.879237	2	15.010595	2	56.593661
sample_1289	2	24.500197	0	27.450573	1	34.990305
sample_1290	1	18.710293	1	14.653329	2	58.264746
sample_1291	1	25.398170	1	24.390398	1	39.632050
sample_1292	2	27.897793	2	18.689312	0	24.276986
sample_1293	0	24.632114	2	14.388162	1	46.183688
sample_1294	2	16.800400	0	24.888617	2	71.244179
sample_1295	0	24.182591	0	16.232937	2	60.745121
sample_1296	1	20.567889	2	15.721103	2	55.610210
sample_1297	0	19.728414	1	17.633351	0	18.306136
sample_1298	1	23.097052	1	12.779054	2	56.285965
sample_1299	0	22.233895	1	23.829621	0	15.782357
sample_1300	1	20.534016	0	16.282011	1	43.543826
sample_1301	2	23.018617	2	22.852427	2	65.302592
sample_1302	0	24.786683	0	18.870380	2	64.494405
sample_1303	2	13.338439	2	24.374728	0	14.571283
sample_1304	2	14.900520	1	18.747494	2	65.849308
sample_1305	2	26.745303	2	23.727192	0	10.082477
sample_1306	0	26.729262	0	24.150940	0	17.904042
sample_1307	0	22.072089	0	15.150021	2	56.885086
sample_1308	0	12.822218	2	27.760301	1	46.757787
sample_1309	0	25.031574	0	9.008745	2	56.398917
sample_1310	0	20.661873	1	32.038279	0	21.573180
sample_1311	2	23.768565	2	23.446286	1	47.847108
sample_1312	0	20.999001	2	9.142967	2	59.487228
sample_1313	2	17.984426	0	24.708790	2	62.200412
sample_1314	2	27.921052	0	31.242670	0	10.058716
sample_1315	2	20.192011	1	17.184410	1	42.354350
sample_1316	2	24.180311	1	30.432307	2	64.293588
sample_1317	2	12.238251	2	17.644451	2	54.591947
sample_1318	1	21.082855	2	29.528926	2	68.254791
sample_1319	0	29.591338	1	26.908618	1	36.580497
sample_1320	0	22.023784	1	22.096325	2	55.455629
sample_1321	0	24.563997	1	15.604448	1	38.471753
sample_1322	2	26.259054	2	13.744473	2	58.045107
sample_1323	2	28.578547	1	24.551874	1	42.800473
sample_1324	2	20.914296	1	23.785483	0	13.027574
sample_1325	1	16.116455	0	17.554397	2	59.940106
sample_1326	1	25.226390	0	28.832749	2	63.400807
sample_1327	2	15.101614	0	21.029153	0	18.522470
sample_1328	2	15.919666	1	13.697966	1	43.129934
sample_1329	1	28.091600	0	18.829086	2	60.734668
sample_1330	1	15.844312	2	21.425675	0	20.812453
sample_1331	0	17.350790	2	15.934648	2	59.502383
sample_1332	2	22.045617	0	28.150642	0	27.423043
sample_1333	0	12.869351	1	29.167733	0	22.359391
sample_1334	1	16.183427	0	18.931549	1	39.278799
sample_1335	0	22.125601	0	7.031438	2	57.754525
sample_1336	1	14.507137	0	17.256069	1	41.191122
sample_1337	1	12.918370	2	21.995756	1	39.064232
sample_1338	2	14.876992	2	21.476577	2	56.795457
sample_1339	2	24.392440	2	14.932583	0	24.882239
sample_1340	1	19.084152	1	16.695882	1	35.524874
sample_1341	0	21.893085	0	21.189339	1	40.998491
sample_1342	0	21.482940	1	19.103882	0	21.913005
sample_1343	1	20.355515	1	6.198844	0	29.378447
sample_1344	2	18.391601	2	18.087944	1	33.609323
sample_1345	2	20.000010	2	13.595020	0	17.113134
sample_1346	0	15.012436	2	27.762521	1	37.956679
sample_1347	0	23.876354	2	18.369036	1	49.533329
sample_1348	1	22.849617	0	27.019781	0	16.245407
sample_1349	2	12.422139	1	22.036419	1	39.218446
sample_1350	2	13.029824	2	24.156062	2	59.372708
sample_1351	2	19.623773	1	19.266717	2	62.038132
sample_1352	0	21.385255	2	22.015232	1	35.704300
sample_1353	1	15.794760	1	29.142258	0	18.872556
sample_1354	1	19.036187	2	16.612828	0	21.779012
sample_1355	1	23.241008	2	24.554501	0	17.399446
sample_1356	0	26.655305	0	19.425560	1	34.881106
sample_1357	1	16.470460	1	23.756111	2	59.853908
sample_1358	2	20.463018	0	13.550748	1	47.329658
sample_1359	2	15.735783	1	19.683809	0	20.059746
sample_1360	0	19.575933	0	21.733406	2	51.913715
sample_1361	0	17.507913	1	29.127129	0	26.507712
sample_1362	0	26.597341	0	10.172936	1	35.880837
sample_1363	2	17.020806	1	24.043253	2	51.303272
sample_1364	2	17.647713	1	18.563453	1	51.107288
sample_1365	0	15.811913	1	18.121657	1	45.869168
sample_1366	2	21.728923	2	22.737894	1	42.609741
sample_1367	2	27.463615	2	18.067408	2	59.697788
sample_1368	2	19.393469	2	24.727504	0	16.325685
sample_1369	2	17.398393	0	19.904122	2	59.225493
sample_1370	0	25.763726	1	32.539214	0	27.976685
sample_1371	1	19.455606	0	15.219786	1	43.142617
sample_1372	2	31.173808	1	28.690213	0	9.994098
sample_1373	0	18.106844	1	24.151799	2	59.824986
sample_1374	2	21.451173	1	6.298181	2	62.045757
sample_1375	1	20.363185	1	23.080053	2	68.168450
sample_1376	0	17.698699	1	11.944484	0	15.280126
sample_1377	1	19.602534	0	18.733295	0	23.408590
sample_1378	1	18.943350	2	25.883044	2	54.834132
sample_1379	2	19.100905	2	22.293484	1	35.894510
sample_1380	0	21.647148	2	21.004709	0	20.025560
sample_1381	0	21.642466	2	17.390704	1	47.838232
sample_1382	1	17.514082	0	25.103401	0	17.144763
sample_1383	0	21.043424	2	9.857011	1	40.688376
sample_1384	0	23.367987	1	20.811693	1	34.408081
sample_1385	0	30.203413	2	29.089716	0	18.809422
sample_1386	1	24.720057	2	24.178232	0	16.704752
sample_1387	1	7.377062	0	17.287079	2	55.784135
sample_1388	1	25.395741	2	18.819834	1	43.625566
sample_1389	0	20.107507	2	25.899697	0	26.260183
sample_1390	1	19.073654	2	27.653159	1	42.370258
sample_1391	1	14.141271	1	19.469145	2	60.862737
sample_1392	2	8.101284	0	27.291596	1	40.752246
sample_1393	2	24.244029	0	16.068832	0	34.620121
sample_1394	2	21.979427	2	21.107309	0	22.580205
sample_1395	1	24.886397	2	20.587808	2	58.749260
sample_1396	2	17.217066	0	28.829654	1	38.098265
sample_1397	2	20.279633	2	27.850651	1	43.717498
sample_1398	0	17.722800	2	23.090874	1	46.256954
sample_1399	0	17.118805	0	21.690048	1	36.538231
sample_1400	0	36.387000	2	17.547822	0	22.092608
sample_1401	0	16.971659	2	12.596847	2	55.587306
sample_1402	1	22.658073	1	24.344369	0	21.498165
sample_1403	0	21.466315	1	32.121129	2	64.342119
sample_1404	2	14.066955	1	19.114151	1	29.823097
sample_1405	1	17.452976	1	16.132389	2	65.764956
sample_1406	2	23.167282	2	29.630439	2	52.525722
sample_1407	2	17.061902	2	27.738470	2	64.105240
sample_1408	0	21.880994	1	25.369879	0	18.731865
sample_1409	0	22.902413	0	16.074817	1	40.418063
sample_1410	2	21.861683	0	26.695104	1	42.656415
sample_1411	2	21.344037	2	27.433118	2	51.807379
sample_1412	2	20.505787	0	25.886026	1	43.753257
sample_1413	0	18.413800	2	24.516611	1	35.452072
sample_1414	0	13.638651	0	17.085805	0	25.458822
sample_1415	2	22.678160	0	25.685251	2	57.227914
sample_1416	1	25.302512	0	17.300147	1	48.508568
sample_1417	2	19.945335	1	21.514995	2	52.533044
sample_1418	1	19.777228	2	21.171900	0	22.846204
sample_1419	1	21.452066	1	19.237706	2	67.361460
sample_1420	1	18.612760	2	20.469308	1	36.912052
sample_1421	0	9.805729	1	31.470027	2	60.427998
sample_1422	0	14.544011	1	20.219873	0	15.709010
sample_1423	1	12.558102	2	24.515371	0	20.379754
sample_1424	2	22.255038	1	19.813471	0	16.762881
sample_1425	0	27.779132	1	23.378327	2	63.847801
sample_1426	0	19.720973	1	28.895617	1	32.244743
sample_1427	0	28.957722	1	25.665302	2	52.813746
sample_1428	1	20.189734	0	21.512460	2	63.066619
sample_1429	0	20.570844	2	21.264494	0	21.872702
sample_1430	2	18.870029	1	20.248560	1	39.387811
sample_1431	0	14.468964	1	18.746694	1	43.205738
sample_1432	2	20.662896	0	19.084946	1	45.987122
sample_1433	0	22.742940	2	10.414957	1	40.079642
sample_1434	2	18.923485	1	13.875114	2	57.105590
sample_1435	2	31.435022	0	23.871470	2	58.773348
sample_1436	2	15.275900	0	15.837403	2	61.782114
sample_1437	1	20.252552	1	16.683448	0	18.113797
sample_1438	1	15.987435	2	20.946154	2	49.700163
sample_1439	1	17.747856	1	20.706188	2	57.884536
sample_1440	0	15.432103	0	7.793645	2	59.314789
sample_1441	2	13.674039	0	15.028995	0	22.547728
sample_1442	2	16.545371	1	18.646016	1	45.933469
sample_1443	1	18.446405	1	15.417554	2	66.711146
sample_1444	2	17.832369	2	21.357703	0	27.313801
sample_1445	2	18.706854	1	19.786379	1	34.801734
sample_1446	0	20.855581	2	15.607408	1	37.293524
sample_1447	2	9.570129	1	22.005511	2	59.383226
sample_1448	0	25.497740	2	22.822697	2	58.125860
sample_1449	0	19.023771	1	12.210523	0	21.656159
sample_1450	2	8.389091	0	18.177792	1	33.668055
sample_1451	0	15.452553	0	21.384667	0	19.147205
sample_1452	2	14.909805	0	30.666881	2	61.089829
sample_1453	0	25.624096	1	19.003535	2	57.089650
sample_1454	2	24.770240	0	12.736915	2	63.696502
sample_1455	1	18.825472	1	26.081067	1	43.923401
sample_1456	0	14.682689	2	20.882040	1	40.420598
sample_1457	0	16.021778	1	23.492219	2	64.165344
sample_1458	2	10.553351	2	19.850015	1	42.294408
sample_1459	1	16.409305	2	23.693578	0	18.080213
sample_1460	1	24.971401	1	23.919305	0	15.075635
sample_1461	1	25.563123	1	24.528087	2	64.561272
sample_1462	2	17.069623	2	14.844372	2	65.462410
sample_1463	0	22.350680	2	21.507569	1	40.839580
sample_1464	0	20.052564	0	25.464181	1	34.920346
sample_1465	1	19.315883	2	25.902142	1	34.239125
sample_1466	0	12.479170	1	26.213984	0	27.551375
sample_1467	0	20.011310	2	29.534144	2	66.966068
sample_1468	0	13.275313	1	28.598009	2	63.105130
sample_1469	2	17.284027	0	20.751626	1	38.087806
sample_1470	1	29.038071	0	16.297045	2	57.366406
sample_1471	2	19.586464	0	21.070153	0	13.204663
sample_1472	2	24.512976	0	13.143632	1	34.102272
sample_1473	2	26.278788	0	28.487819	0	20.777563
sample_1474	2	16.948247	2	13.926782	2	56.080982
sample_1475	1	20.110068	1	19.857273	1	42.908058
sample_1476	1	20.218017	0	18.677714	0	19.480634
sample_1477	2	26.626141	0	21.795858	2	64.167167
sample_1478	2	23.002655	1	14.940257	1	42.434707
sample_1479	1	21.072926	2	23.551889	2	54.660404
sample_1480	1	25.504496	0	7.693163	0	17.189440
sample_1481	2	18.933899	1	16.666641	1	38.973372
sample_1482	2	22.075520	2	26.166111	0	19.083124
sample_1483	2	33.702920	0	19.786353	0	14.985403
sample_1484	2	16.881389	2	13.629970	0	29.505751
sample_1485	2	20.249252	0	20.632804	1	45.343542
sample_1486	1	24.608039	2	14.208259	0	17.547973
sample_1487	2	26.043105	2	17.411855	1	40.583244
sample_1488	0	24.043085	1	21.140306	2	55.541887
sample_1489	0	26.848164	1	16.423521	0	13.444158
sample_1490	2	22.074664	2	16.288617	2	62.317129
sample_1491	0	21.951772	2	19.824992	1	44.170043
sample_1492	2	21.608771	1	17.734572	1	34.301861
sample_1493	2	17.235142	1	19.815818	1	41.262520
sample_1494	2	19.620513	1	20.558456	0	19.045194
sample_1495	1	16.414795	2	27.742042	0	12.811875
sample_1496	0	21.356012	2	16.145191	1	46.335540
sample_1497	1	12.572180	2	26.835021	0	30.110132
sample_1498	2	16.429416	0	14.968144	1	42.876339
sample_1499	0	29.157800	2	18.285925	1	39.634162
sample_1500	1	23.139737	2	24.908815	1	39.349501
